Date	Gold	USD/TL	Veh-Credit	CBRT-Total	PurofVehicles	ProbofPurchasingVehicle
2008-07	249.75	1.21	20.05	107441971	109.28	
2008-08	229.60	1.17	19.89	107867691	108.93	
2008-09	229.25	1.23	19.55	111063240	108.66	
2008-10	256.20	1.47	20.60	116794073	108.04	
2008-11	258.25	1.59	24.05	119329410	107.53	
2008-12	262.27	1.54	22.91	113458778	106.19	
2009-01	295.60	1.59	21.65	114274236	109.32	
2009-02	336.50	1.65	20.88	117004988	111.74	
2009-03	341.75	1.70	20.07	116575319	104.82	
2009-04	311.50	1.60	18.63	110203360	99.75	
2009-05	315.00	1.55	18.33	109924560	100.90	
2009-06	319.25	1.54	18.24	106190682	104.82	
2009-07	312.00	1.51	18.22	104926705	107.37	
2009-08	311.25	1.48	16.89	110291929	107.99	
2009-09	323.00	1.49	15.67	109500431	108.13	
2009-10	336.20	1.46	15.02	110531330	113.70	
2009-11	360.00	1.48	14.07	110103356	115.19	
2009-12	367.75	1.50	13.13	110026310	113.19	
2010-01	354.50	1.47	13.18	110245788	115.11	
2010-02	363.00	1.51	13.27	109391290	115.06	
2010-03	371.00	1.53	12.73	112124515	115.63	
2010-04	373.20	1.49	12.01	118799705	115.92	
2010-05	403.75	1.53	11.74	117382136	116.20	
2010-06	417.00	1.57	11.75	116824501	115.53	
2010-07	401.80	1.54	11.38	117610388	115.86	
2010-08	405.50	1.50	10.87	122538787	115.50	
2010-09	416.33	1.49	10.79	119716203	114.82	
2010-10	417.75	1.42	10.60	121298324	115.23	
2010-11	424.00	1.43	10.26	124650025	114.34	
2010-12	461.00	1.51	9.67	128463527	112.91	
2011-01	465.75	1.55	10.28	132590176	114.60	
2011-02	473.75	1.58	10.44	133047480	118.84	
2011-03	487.00	1.57	10.51	136737807	119.99	
2011-04	482.00	1.52	10.69	139810064	121.66	
2011-05	511.50	1.56	10.95	146578579	121.96	
2011-06	529.75	1.59	11.37	150793261	122.75	
2011-07	564.80	1.65	12.48	151165742	122.77	
2011-08	683.00	1.74	12.82	147054764	125.79	
2011-09	693.40	1.79	12.98	149857315	129.67	
2011-10	659.30	1.83	12.97	142793734	130.95	
2011-11	674.25	1.80	13.42	154147199	130.49	
2011-12	664.80	1.86	12.02	146213614	130.35	
2012-01	658.75	1.84	15.04	135390952	132.71	14.05
2012-02	660.00	1.75	14.82	139109518	132.40	11.94
2012-03	648.60	1.78	13.39	144032200	131.80	11.69
2012-04	635.75	1.78	13.17	152157165	132.34	12.73
2012-05	622.50	1.80	12.99	155528122	132.32	12.47
2012-06	629.00	1.82	12.99	163104987	132.39	11.82
2012-07	622.50	1.80	13.38	170257626	132.32	10.70
2012-08	632.80	1.79	13.38	185345267	132.23	11.07
2012-09	672.25	1.80	13.00	188586147	131.31	12.69
2012-10	668.20	1.79	12.77	198747894	131.36	10.95
2012-11	663.40	1.79	12.07	200085346	130.25	10.90
2012-12	649.25	1.78	11.01	202022077	129.92	11.32
2013-01	641.25	1.76	11.06	208658484	130.62	11.19
2013-02	627.75	1.77	10.91	211363840	133.56	10.38
2013-03	624.60	1.81	10.48	219098171	133.85	11.90
2013-04	592.00	1.80	10.30	234218238	134.00	11.33
2013-05	574.20	1.82	9.88	231410234	134.70	14.79
2013-06	551.75	1.89	9.61	226224976	134.85	13.39
2013-07	556.25	1.93	10.10	228536154	138.11	13.41
2013-08	584.80	1.95	10.60	252717344	139.20	13.30
2013-09	584.50	2.02	11.46	253139818	142.30	11.38
2013-10	570.00	1.99	11.81	257299409	144.18	13.69
2013-11	565.80	2.02	11.28	262203902	143.45	13.70
2013-12	557.00	2.06	10.99	265857669	143.25	13.23
2014-01	594.80	2.22	12.84	265441272	151.68	15.11
2014-02	610.75	2.21	15.09	270204556	161.10	11.43
2014-03	631.00	2.22	15.21	262750465	166.94	11.33
2014-04	598.50	2.13	14.91	268243802	167.83	12.54
2014-05	581.80	2.09	14.29	268166837	166.66	15.57
2014-06	587.75	2.12	13.31	276799271	164.96	11.88
2014-07	594.00	2.12	12.79	272004583	164.87	13.14
2014-08	599.60	2.16	12.84	283188937	164.79	12.00
2014-09	587.25	2.20	12.72	289397364	164.83	12.67
2014-10	587.60	2.26	12.37	284414169	164.74	12.85
2014-11	574.00	2.23	12.38	286785505	163.84	11.91
2014-12	589.75	2.29	12.60	281900314	162.89	10.42
2015-01	622.00	2.33	12.91	295391475	166.79	11.68
2015-02	644.25	2.46	13.06	298218739	170.74	12.16
2015-03	653.50	2.58	12.58	290371892	171.23	10.92
2015-04	677.50	2.65	12.79	306927887	171.46	11.77
2015-05	672.80	2.65	13.14	299872282	173.65	11.49
2015-06	676.50	2.70	13.44	300005598	174.15	10.77
2015-07	656.70	2.69	13.60	311843950	176.27	12.20
2015-08	687.00	2.85	14.14	326628137	176.90	12.96
2015-09	719.00	3.00	15.20	332358190	183.80	10.76
2015-10	719.40	2.93	15.82	314961665	187.45	9.88
2015-11	667.50	2.87	15.62	312416203	186.92	12.43
2015-12	676.50	2.92	15.18	293215139	185.87	12.33
2016-01	704.25	3.01	15.82	299032448	188.76	12.07
2016-02	755.25	2.94	16.32	296117950	194.28	11.41
2016-03	766.50	2.89	16.33	294371244	194.79	12.26
2016-04	752.00	2.83	15.92	306605638	194.82	12.60
2016-05	790.75	2.93	15.54	322356353	195.09	11.79
2016-06	794.25	2.92	15.30	331841404	197.42	12.88
2016-07	836.40	2.96	15.31	336629312	197.36	12.14
2016-08	847.00	2.96	15.45	342559378	199.71	13.76
2016-09	842.20	2.96	15.01	331374360	200.23	12.96
2016-10	841.50	3.07	14.74	346048774	202.96	12.25
2016-11	877.25	3.27	13.71	360527492	206.10	10.79
2016-12	875.40	3.49	13.86	345423123	209.43	9.77
2017-01	957.25	3.73	15.21	371392211	213.34	10.29
2017-02	975.25	3.67	15.62	357152204	223.43	10.97
2017-03	974.80	3.67	15.38	367671022	232.01	10.42
2017-04	998.25	3.65	15.68	360284123	236.01	14.15
2017-05	961.75	3.56	15.61	373401847	235.32	13.90
2017-06	958.60	3.52	15.37	383080810	231.73	10.81
2017-07	952.75	3.56	15.97	377229169	234.39	13.10
2017-08	968.75	3.51	16.22	379117298	239.66	10.60
2017-09	979.50	3.47	16.36	390149331	241.58	10.33
2017-10	1008.00	3.66	15.69	423854298	250.09	11.22
2017-11	1066.50	3.88	14.49	434778200	256.56	9.94
2017-12	1092.00	3.85	14.64	396221911	265.56	10.43
2018-01	1114.75	3.77	17.48	418704296	268.55	13.29
2018-02	1119.25	3.78	18.01	418403777	273.28	12.39
2018-03	1141.20	3.88	17.39	421607414	277.24	13.80
2018-04	1197.25	4.05	18.19	441414087	289.99	12.92
2018-05	1280.75	4.41	18.86	460926032	296.08	12.57
2018-06	1304.25	4.63	21.74	432475614	307.72	13.26
2018-07	1306.25	4.75	24.09	461517176	312.05	13.39
2018-08	1600.25	5.73	26.35	498330038	330.34	13.22
2018-09	1673.75	6.37	32.44	460615108	375.35	9.67
2018-10	1600.00	5.86	32.78	430402749	364.56	8.88
2018-11	1478.40	5.37	30.83	435612671	316.80	11.76
2018-12	1502.25	5.31	29.49	461204139	313.82	8.46
2019-01	1561.50	5.37	29.52	510685268	311.52	8.93
2019-02	1559.25	5.26	26.78	534518525	311.41	11.14
2019-03	1604.80	5.44	23.58	542969283	307.04	9.68
2019-04	1654.50	5.74	25.07	540693732	310.25	14.48
2019-05	1730.25	6.05	27.59	556157821	321.85	10.30
2019-06	1786.66	5.81	28.68	538548263	325.18	10.87
2019-07	1781.25	5.67	27.40	558746154	358.13	11.04
2019-08	1839.25	5.62	22.89	604094078	348.48	12.47
2019-09	1899.00	5.71	20.18	596411663	345.80	10.40
2019-10	1918.00	5.78	16.03	622288139	348.34	11.67
2019-11	1880.00	5.73	14.95	632804005	348.83	12.98
2019-12	1916.25	5.84	13.75	646509164	352.18	12.51
2020-01	2037.80	5.92	14.06	666827852	354.12	11.38
2020-02	2148.00	6.04	13.12	721630295	353.58	10.21
2020-03	2279.33	6.31	13.35	658863743	359.25	10.70
2020-04	2568.40	6.82	13.91	707249213	371.05	7.25
2020-05	2647.00	6.95	13.12	728582706	380.98	9.11
2020-06	2624.00	6.81	11.64	719195122	395.43	11.31
2020-07	2820.60	6.85	11.61	736853954	404.73	10.70
2020-08	3263.25	7.25	14.39	711606147	410.30	11.86
2020-09	3228.00	7.51	16.85	730761405	426.84	10.52
2020-10	3358.80	7.87	17.45	812959286	439.53	13.77
2020-11	3312.00	8.00	18.81	784966789	481.33	13.15
