Tarih	EURO	USD	Years	Months
20-11-2015	3.068	2.872	2015	1
27-11-2015	3.048	2.870	2015	2
04-12-2015	3.068	2.901	2015	3
11-12-2015	3.161	2.908	2015	4
18-12-2015	3.235	2.961	2015	5
25-12-2015	3.183	2.925	2015	6
01-01-2016	3.190	2.916	2016	7
08-01-2016	3.219	2.977	2016	8
15-01-2016	3.279	3.021	2016	9
22-01-2016	3.310	3.043	2016	10
29-01-2016	3.260	3.009	2016	11
05-02-2016	3.227	2.952	2016	12
12-02-2016	3.286	2.932	2016	13
19-02-2016	3.297	2.954	2016	14
26-02-2016	3.248	2.948	2016	15
04-03-2016	3.206	2.944	2016	16
11-03-2016	3.193	2.915	2016	17
18-03-2016	3.210	2.886	2016	18
25-03-2016	3.219	2.874	2016	19
01-04-2016	3.208	2.859	2016	20
08-04-2016	3.220	2.835	2016	21
15-04-2016	3.230	2.850	2016	22
22-04-2016	3.211	2.843	2016	23
29-04-2016	3.194	2.833	2016	24
06-05-2016	3.255	2.841	2016	25
13-05-2016	3.349	2.944	2016	26
20-05-2016	3.358	2.973	2016	27
27-05-2016	3.316	2.969	2016	28
03-06-2016	3.289	2.952	2016	29
10-06-2016	3.290	2.912	2016	30
17-06-2016	3.290	2.929	2016	31
24-06-2016	3.283	2.907	2016	32
01-07-2016	3.225	2.916	2016	33
08-07-2016	3.204	2.890	2016	34
15-07-2016	3.211	2.904	2016	35
22-07-2016	3.296	2.987	2016	36
29-07-2016	3.345	3.041	2016	37
05-08-2016	3.351	3.008	2016	38
12-08-2016	3.311	2.981	2016	39
19-08-2016	3.302	2.944	2016	40
26-08-2016	3.325	2.947	2016	41
02-09-2016	3.300	2.955	2016	42
09-09-2016	3.296	2.946	2016	43
16-09-2016	3.330	2.961	2016	44
23-09-2016	3.321	2.973	2016	45
30-09-2016	3.339	2.980	2016	46
07-10-2016	3.390	3.033	2016	47
14-10-2016	3.408	3.079	2016	48
21-10-2016	3.391	3.090	2016	49
28-10-2016	3.357	3.086	2016	50
04-11-2016	3.418	3.111	2016	51
11-11-2016	3.503	3.176	2016	52
18-11-2016	3.539	3.291	2016	53
25-11-2016	3.587	3.387	2016	54
02-12-2016	3.641	3.435	2016	55
09-12-2016	3.716	3.476	2016	56
16-12-2016	3.692	3.493	2016	57
23-12-2016	3.653	3.509	2016	58
30-12-2016	3.677	3.524	2016	59
06-01-2017	3.731	3.566	2017	60
13-01-2017	3.972	3.761	2017	61
20-01-2017	4.029	3.790	2017	62
27-01-2017	4.068	3.802	2017	63
03-02-2017	4.081	3.808	2017	64
10-02-2017	3.976	3.722	2017	65
17-02-2017	3.892	3.672	2017	66
24-02-2017	3.828	3.625	2017	67
03-03-2017	3.821	3.622	2017	68
10-03-2017	3.924	3.721	2017	69
17-03-2017	3.970	3.733	2017	70
24-03-2017	3.898	3.623	2017	71
31-03-2017	3.915	3.629	2017	72
07-04-2017	3.905	3.667	2017	73
14-04-2017	3.926	3.706	2017	74
21-04-2017	3.913	3.671	2017	75
28-04-2017	3.897	3.598	2017	76
05-05-2017	3.864	3.546	2017	77
12-05-2017	3.901	3.581	2017	78
19-05-2017	3.913	3.567	2017	79
26-05-2017	4.000	3.579	2017	80
02-06-2017	3.978	3.560	2017	81
09-06-2017	3.963	3.531	2017	82
16-06-2017	3.936	3.521	2017	83
23-06-2017	3.928	3.524	2017	84
30-06-2017	3.972	3.516	2017	85
07-07-2017	4.047	3.566	2017	86
14-07-2017	4.117	3.613	2017	87
21-07-2017	4.062	3.543	2017	88
28-07-2017	4.131	3.549	2017	89
04-08-2017	4.158	3.533	2017	90
11-08-2017	4.164	3.538	2017	91
18-08-2017	4.146	3.535	2017	92
25-08-2017	4.119	3.507	2017	93
01-09-2017	4.119	3.461	2017	94
08-09-2017	4.107	3.441	2017	95
15-09-2017	4.102	3.430	2017	96
22-09-2017	4.151	3.478	2017	97
29-09-2017	4.185	3.541	2017	98
06-10-2017	4.196	3.574	2017	99
13-10-2017	4.312	3.667	2017	100
20-10-2017	4.310	3.662	2017	101
27-10-2017	4.374	3.720	2017	102
03-11-2017	4.417	3.802	2017	103
10-11-2017	4.473	3.860	2017	104
17-11-2017	4.536	3.877	2017	105
24-11-2017	4.617	3.926	2017	106
01-12-2017	4.674	3.942	2017	107
08-12-2017	4.604	3.892	2017	108
15-12-2017	4.518	3.843	2017	109
22-12-2017	4.539	3.847	2017	110
29-12-2017	4.527	3.817	2017	111
05-01-2018	4.527	3.771	2018	112
12-01-2018	4.509	3.771	2018	113
19-01-2018	4.624	3.796	2018	114
26-01-2018	4.643	3.781	2018	115
02-02-2018	4.672	3.767	2018	116
09-02-2018	4.675	3.780	2018	117
16-02-2018	4.686	3.804	2018	118
23-02-2018	4.669	3.779	2018	119
02-03-2018	4.652	3.796	2018	120
09-03-2018	4.699	3.812	2018	121
16-03-2018	4.747	3.854	2018	122
23-03-2018	4.828	3.929	2018	123
30-03-2018	4.924	3.987	2018	124
06-04-2018	4.901	3.991	2018	125
13-04-2018	5.037	4.098	2018	126
20-04-2018	5.043	4.087	2018	127
27-04-2018	4.969	4.073	2018	128
04-05-2018	4.940	4.109	2018	129
11-05-2018	5.082	4.277	2018	130
18-05-2018	5.199	4.382	2018	131
25-05-2018	5.443	4.637	2018	132
01-06-2018	5.331	4.584	2018	133
08-06-2018	5.395	4.606	2018	134
15-06-2018	5.361	4.562	2018	135
22-06-2018	5.480	4.732	2018	136
29-06-2018	5.415	4.661	2018	137
06-07-2018	5.404	4.644	2018	138
13-07-2018	5.485	4.689	2018	139
20-07-2018	5.626	4.834	2018	140
27-07-2018	5.614	4.809	2018	141
03-08-2018	5.744	4.932	2018	142
10-08-2018	6.062	5.243	2018	143
17-08-2018	7.131	6.271	2018	144
24-08-2018	6.827	6.005	2018	145
31-08-2018	7.191	6.214	2018	146
07-09-2018	7.689	6.636	2018	147
14-09-2018	7.455	6.437	2018	148
21-09-2018	7.310	6.266	2018	149
28-09-2018	7.244	6.175	2018	150
05-10-2018	6.962	6.034	2018	151
12-10-2018	7.013	6.110	2018	152
19-10-2018	6.644	5.756	2018	153
26-10-2018	6.513	5.696	2018	154
02-11-2018	6.307	5.562	2018	155
09-11-2018	6.174	5.413	2018	156
16-11-2018	6.167	5.473	2018	157
23-11-2018	6.074	5.338	2018	158
30-11-2018	5.938	5.244	2018	159
07-12-2018	5.988	5.280	2018	160
14-12-2018	6.070	5.346	2018	161
21-12-2018	6.069	5.348	2018	162
28-12-2018	6.030	5.298	2018	163
04-01-2019	6.096	5.343	2019	164
11-01-2019	6.222	5.441	2019	165
18-01-2019	6.213	5.437	2019	166
25-01-2019	6.053	5.332	2019	167
01-02-2019	6.021	5.282	2019	168
08-02-2019	5.949	5.222	2019	169
15-02-2019	5.945	5.268	2019	170
22-02-2019	5.990	5.303	2019	171
01-03-2019	6.031	5.315	2019	172
08-03-2019	6.096	5.390	2019	173
15-03-2019	6.138	5.458	2019	174
22-03-2019	6.197	5.467	2019	175
29-03-2019	6.222	5.518	2019	176
05-04-2019	6.292	5.614	2019	177
12-04-2019	6.372	5.670	2019	178
19-04-2019	6.533	5.792	2019	179
26-04-2019	6.550	5.853	2019	180
03-05-2019	6.640	5.952	2019	181
10-05-2019	6.817	6.103	2019	182
17-05-2019	6.799	6.069	2019	183
24-05-2019	6.767	6.077	2019	184
31-05-2019	6.724	6.029	2019	185
07-06-2019	6.532	5.872	2019	186
14-06-2019	6.565	5.820	2019	187
21-06-2019	6.558	5.846	2019	188
28-06-2019	6.557	5.782	2019	189
05-07-2019	6.411	5.675	2019	190
12-07-2019	6.391	5.698	2019	191
19-07-2019	6.398	5.705	2019	192
26-07-2019	6.350	5.688	2019	193
02-08-2019	6.217	5.602	2019	194
09-08-2019	6.172	5.536	2019	195
16-08-2019	6.174	5.536	2019	196
23-08-2019	6.272	5.666	2019	197
30-08-2019	6.430	5.806	2019	198
06-09-2019	6.326	5.757	2019	199
13-09-2019	6.324	5.745	2019	200
20-09-2019	6.295	5.705	2019	201
27-09-2019	6.251	5.697	2019	202
04-10-2019	6.203	5.689	2019	203
11-10-2019	6.359	5.798	2019	204
18-10-2019	6.495	5.893	2019	205
25-10-2019	6.443	5.795	2019	206
01-11-2019	6.387	5.751	2019	207
08-11-2019	6.365	5.733	2019	208
15-11-2019	6.347	5.769	2019	209
22-11-2019	6.322	5.726	2019	210
29-11-2019	6.319	5.742	2019	211
06-12-2019	6.345	5.751	2019	212
13-12-2019	6.416	5.795	2019	213
20-12-2019	6.528	5.868	2019	214
27-12-2019	6.574	5.938	2019	215
03-01-2020	6.647	5.952	2020	216
10-01-2020	6.630	5.956	2020	217
17-01-2020	6.534	5.882	2020	218
24-01-2020	6.551	5.914	2020	219
31-01-2020	6.549	5.953	2020	220
07-02-2020	6.594	5.986	2020	221
14-02-2020	6.568	6.024	2020	222
21-02-2020	6.553	6.067	2020	223
28-02-2020	6.660	6.145	2020	224
06-03-2020	6.842	6.173	2020	225
13-03-2020	6.952	6.148	2020	226
20-03-2020	7.085	6.422	2020	227
27-03-2020	7.011	6.496	2020	228
03-04-2020	7.215	6.578	2020	229
10-04-2020	7.306	6.750	2020	230
17-04-2020	7.425	6.809	2020	231
24-04-2020	7.528	6.950	2020	232
01-05-2020	7.553	6.986	2020	233
08-05-2020	7.685	7.092	2020	234
15-05-2020	7.604	7.034	2020	235
22-05-2020	7.440	6.846	2020	236
29-05-2020	7.437	6.793	2020	237
05-06-2020	7.565	6.788	2020	238
12-06-2020	7.674	6.787	2020	239
19-06-2020	7.700	6.840	2020	240
26-06-2020	7.698	6.856	2020	241
03-07-2020	7.691	6.855	2020	242
10-07-2020	7.730	6.862	2020	243
17-07-2020	7.769	6.863	2020	244
24-07-2020	7.858	6.853	2020	245
31-07-2020	8.039	6.886	2020	246
07-08-2020	8.268	7.017	2020	247
14-08-2020	8.586	7.296	2020	248
21-08-2020	8.716	7.358	2020	249
28-08-2020	8.648	7.330	2020	250
04-09-2020	8.738	7.359	2020	251
11-09-2020	8.797	7.458	2020	252
18-09-2020	8.855	7.485	2020	253
25-09-2020	8.943	7.624	2020	254
02-10-2020	9.016	7.726	2020	255
09-10-2020	9.152	7.799	2020	256
16-10-2020	9.294	7.911	2020	257
23-10-2020	9.263	7.872	2020	258
30-10-2020	9.520	8.067	2020	259
06-11-2020	9.828	8.422	2020	260
13-11-2020	9.630	8.157	2020	261
20-11-2020	9.108	7.701	2020	262
27-11-2020	8.995	7.592	2020	263
