dates	israf	months	years
4.01.2015	56	1	2015
11.01.2015	44	2	2015
18.01.2015	28	3	2015
25.01.2015	26	4	2015
1.02.2015	44	5	2015
8.02.2015	58	6	2015
15.02.2015	40	7	2015
22.02.2015	54	8	2015
1.03.2015	45	9	2015
8.03.2015	56	10	2015
15.03.2015	47	11	2015
22.03.2015	35	12	2015
29.03.2015	50	13	2015
5.04.2015	40	14	2015
12.04.2015	57	15	2015
19.04.2015	37	16	2015
26.04.2015	41	17	2015
3.05.2015	85	18	2015
10.05.2015	45	19	2015
17.05.2015	69	20	2015
24.05.2015	60	21	2015
31.05.2015	36	22	2015
7.06.2015	40	23	2015
14.06.2015	41	24	2015
21.06.2015	43	25	2015
28.06.2015	26	26	2015
5.07.2015	65	27	2015
12.07.2015	35	28	2015
19.07.2015	30	29	2015
26.07.2015	31	30	2015
2.08.2015	27	31	2015
9.08.2015	25	32	2015
16.08.2015	29	33	2015
23.08.2015	24	34	2015
30.08.2015	16	35	2015
6.09.2015	11	36	2015
13.09.2015	17	37	2015
20.09.2015	28	38	2015
27.09.2015	15	39	2015
4.10.2015	17	40	2015
11.10.2015	34	41	2015
18.10.2015	27	42	2015
25.10.2015	53	43	2015
1.11.2015	52	44	2015
8.11.2015	64	45	2015
15.11.2015	68	46	2015
22.11.2015	41	47	2015
29.11.2015	61	48	2015
6.12.2015	86	49	2015
13.12.2015	100	50	2015
20.12.2015	82	51	2015
27.12.2015	90	52	2015
3.01.2016	68	53	2016
10.01.2016	71	54	2016
17.01.2016	53	55	2016
24.01.2016	31	56	2016
31.01.2016	29	57	2016
7.02.2016	94	58	2016
14.02.2016	85	59	2016
21.02.2016	76	60	2016
28.02.2016	62	61	2016
6.03.2016	48	62	2016
13.03.2016	42	63	2016
20.03.2016	52	64	2016
27.03.2016	56	65	2016
3.04.2016	85	66	2016
10.04.2016	54	67	2016
17.04.2016	44	68	2016
24.04.2016	51	69	2016
1.05.2016	59	70	2016
8.05.2016	59	71	2016
15.05.2016	30	72	2016
22.05.2016	44	73	2016
29.05.2016	53	74	2016
5.06.2016	51	75	2016
12.06.2016	36	76	2016
19.06.2016	15	77	2016
26.06.2016	13	78	2016
3.07.2016	14	79	2016
10.07.2016	22	80	2016
17.07.2016	9	81	2016
24.07.2016	18	82	2016
31.07.2016	9	83	2016
7.08.2016	21	84	2016
14.08.2016	29	85	2016
21.08.2016	28	86	2016
28.08.2016	33	87	2016
4.09.2016	23	88	2016
11.09.2016	17	89	2016
18.09.2016	35	90	2016
25.09.2016	16	91	2016
2.10.2016	39	92	2016
9.10.2016	41	93	2016
16.10.2016	30	94	2016
23.10.2016	33	95	2016
30.10.2016	37	96	2016
6.11.2016	52	97	2016
13.11.2016	66	98	2016
20.11.2016	63	99	2016
27.11.2016	99	100	2016
4.12.2016	64	101	2016
11.12.2016	64	102	2016
18.12.2016	65	103	2016
25.12.2016	73	104	2016
1.01.2017	65	105	2017
8.01.2017	46	106	2017
15.01.2017	38	107	2017
22.01.2017	30	108	2017
29.01.2017	39	109	2017
5.02.2017	77	110	2017
12.02.2017	64	111	2017
19.02.2017	65	112	2017
26.02.2017	61	113	2017
5.03.2017	52	114	2017
12.03.2017	53	115	2017
19.03.2017	59	116	2017
26.03.2017	64	117	2017
2.04.2017	64	118	2017
9.04.2017	67	119	2017
16.04.2017	62	120	2017
23.04.2017	45	121	2017
30.04.2017	71	122	2017
7.05.2017	59	123	2017
14.05.2017	51	124	2017
21.05.2017	53	125	2017
28.05.2017	42	126	2017
4.06.2017	28	127	2017
11.06.2017	24	128	2017
18.06.2017	16	129	2017
25.06.2017	11	130	2017
2.07.2017	10	131	2017
9.07.2017	16	132	2017
16.07.2017	19	133	2017
23.07.2017	7	134	2017
30.07.2017	16	135	2017
6.08.2017	14	136	2017
13.08.2017	23	137	2017
20.08.2017	9	138	2017
27.08.2017	21	139	2017
3.09.2017	14	140	2017
10.09.2017	20	141	2017
17.09.2017	39	142	2017
24.09.2017	38	143	2017
1.10.2017	30	144	2017
8.10.2017	43	145	2017
15.10.2017	45	146	2017
22.10.2017	57	147	2017
29.10.2017	55	148	2017
5.11.2017	41	149	2017
12.11.2017	48	150	2017
19.11.2017	62	151	2017
26.11.2017	44	152	2017
3.12.2017	60	153	2017
10.12.2017	93	154	2017
17.12.2017	69	155	2017
24.12.2017	67	156	2017
31.12.2017	67	157	2017
7.01.2018	54	158	2018
14.01.2018	34	159	2018
21.01.2018	24	160	2018
28.01.2018	29	161	2018
4.02.2018	85	162	2018
11.02.2018	52	163	2018
18.02.2018	65	164	2018
25.02.2018	71	165	2018
4.03.2018	63	166	2018
11.03.2018	83	167	2018
18.03.2018	54	168	2018
25.03.2018	66	169	2018
1.04.2018	71	170	2018
8.04.2018	86	171	2018
15.04.2018	41	172	2018
22.04.2018	72	173	2018
29.04.2018	48	174	2018
6.05.2018	82	175	2018
13.05.2018	75	176	2018
20.05.2018	58	177	2018
27.05.2018	44	178	2018
3.06.2018	24	179	2018
10.06.2018	19	180	2018
17.06.2018	24	181	2018
24.06.2018	29	182	2018
1.07.2018	20	183	2018
8.07.2018	28	184	2018
15.07.2018	18	185	2018
22.07.2018	22	186	2018
29.07.2018	23	187	2018
5.08.2018	16	188	2018
12.08.2018	8	189	2018
19.08.2018	34	190	2018
26.08.2018	21	191	2018
2.09.2018	28	192	2018
9.09.2018	15	193	2018
16.09.2018	29	194	2018
23.09.2018	26	195	2018
30.09.2018	42	196	2018
7.10.2018	41	197	2018
14.10.2018	65	198	2018
21.10.2018	35	199	2018
28.10.2018	47	200	2018
4.11.2018	45	201	2018
11.11.2018	39	202	2018
18.11.2018	36	203	2018
25.11.2018	69	204	2018
2.12.2018	55	205	2018
9.12.2018	57	206	2018
16.12.2018	70	207	2018
23.12.2018	58	208	2018
30.12.2018	41	209	2018
6.01.2019	45	210	2019
13.01.2019	34	211	2019
20.01.2019	26	212	2019
27.01.2019	28	213	2019
3.02.2019	69	214	2019
10.02.2019	73	215	2019
17.02.2019	49	216	2019
24.02.2019	65	217	2019
3.03.2019	91	218	2019
10.03.2019	54	219	2019
17.03.2019	70	220	2019
24.03.2019	71	221	2019
31.03.2019	61	222	2019
7.04.2019	56	223	2019
14.04.2019	60	224	2019
21.04.2019	43	225	2019
28.04.2019	66	226	2019
5.05.2019	63	227	2019
12.05.2019	72	228	2019
19.05.2019	54	229	2019
26.05.2019	35	230	2019
2.06.2019	32	231	2019
9.06.2019	26	232	2019
16.06.2019	47	233	2019
23.06.2019	20	234	2019
30.06.2019	32	235	2019
7.07.2019	28	236	2019
14.07.2019	43	237	2019
21.07.2019	43	238	2019
28.07.2019	30	239	2019
4.08.2019	21	240	2019
11.08.2019	15	241	2019
18.08.2019	28	242	2019
25.08.2019	24	243	2019
1.09.2019	90	244	2019
8.09.2019	47	245	2019
15.09.2019	47	246	2019
22.09.2019	31	247	2019
29.09.2019	41	248	2019
6.10.2019	33	249	2019
13.10.2019	23	250	2019
20.10.2019	35	251	2019
27.10.2019	27	252	2019
3.11.2019	47	253	2019
10.11.2019	31	254	2019
17.11.2019	50	255	2019
24.11.2019	56	256	2019
1.12.2019	66	257	2019
8.12.2019	52	258	2019
15.12.2019	60	259	2019
22.12.2019	80	260	2019
29.12.2019	63	261	2019
5.01.2020	60	262	2020
12.01.2020	52	263	2020
19.01.2020	19	264	2020
26.01.2020	17	265	2020
2.02.2020	77	266	2020
9.02.2020	61	267	2020
16.02.2020	77	268	2020
23.02.2020	43	269	2020
