Hafta	search	years	weeks
22.11.2015	22	2015	1
29.11.2015	11	2015	2
6.12.2015	22	2015	3
13.12.2015	11	2015	4
20.12.2015	17	2015	5
27.12.2015	11	2015	6
3.01.2016	11	2016	7
10.01.2016	28	2016	8
17.01.2016	44	2016	9
24.01.2016	12	2016	10
31.01.2016	12	2016	11
7.02.2016	29	2016	12
14.02.2016	17	2016	13
21.02.2016	12	2016	14
28.02.2016	12	2016	15
6.03.2016	36	2016	16
13.03.2016	28	2016	17
20.03.2016	11	2016	18
27.03.2016	18	2016	19
3.04.2016	12	2016	20
10.04.2016	12	2016	21
17.04.2016	37	2016	22
24.04.2016	18	2016	23
1.05.2016	12	2016	24
8.05.2016	12	2016	25
15.05.2016	0	2016	26
22.05.2016	12	2016	27
29.05.2016	12	2016	28
5.06.2016	23	2016	29
12.06.2016	12	2016	30
19.06.2016	12	2016	31
26.06.2016	38	2016	32
3.07.2016	24	2016	33
10.07.2016	38	2016	34
17.07.2016	68	2016	35
24.07.2016	38	2016	36
31.07.2016	32	2016	37
7.08.2016	26	2016	38
14.08.2016	47	2016	39
21.08.2016	19	2016	40
28.08.2016	33	2016	41
4.09.2016	0	2016	42
11.09.2016	24	2016	43
18.09.2016	13	2016	44
25.09.2016	20	2016	45
2.10.2016	13	2016	46
9.10.2016	32	2016	47
16.10.2016	39	2016	48
23.10.2016	13	2016	49
30.10.2016	19	2016	50
6.11.2016	25	2016	51
13.11.2016	19	2016	52
20.11.2016	12	2016	53
27.11.2016	18	2016	54
4.12.2016	28	2016	55
11.12.2016	45	2016	56
18.12.2016	11	2016	57
25.12.2016	0	2016	58
1.01.2017	22	2017	59
8.01.2017	38	2017	60
15.01.2017	11	2017	61
22.01.2017	17	2017	62
29.01.2017	29	2017	63
5.02.2017	23	2017	64
12.02.2017	11	2017	65
19.02.2017	11	2017	66
26.02.2017	28	2017	67
5.03.2017	34	2017	68
12.03.2017	0	2017	69
19.03.2017	12	2017	70
26.03.2017	12	2017	71
2.04.2017	12	2017	72
9.04.2017	36	2017	73
16.04.2017	12	2017	74
23.04.2017	24	2017	75
30.04.2017	24	2017	76
7.05.2017	12	2017	77
14.05.2017	13	2017	78
21.05.2017	13	2017	79
28.05.2017	100	2017	80
4.06.2017	19	2017	81
11.06.2017	31	2017	82
18.06.2017	26	2017	83
25.06.2017	15	2017	84
2.07.2017	21	2017	85
9.07.2017	13	2017	86
16.07.2017	52	2017	87
23.07.2017	53	2017	88
30.07.2017	19	2017	89
6.08.2017	38	2017	90
13.08.2017	38	2017	91
20.08.2017	13	2017	92
27.08.2017	22	2017	93
3.09.2017	34	2017	94
10.09.2017	51	2017	95
17.09.2017	65	2017	96
24.09.2017	13	2017	97
1.10.2017	13	2017	98
8.10.2017	32	2017	99
15.10.2017	19	2017	100
22.10.2017	25	2017	101
29.10.2017	25	2017	102
5.11.2017	24	2017	103
12.11.2017	12	2017	104
19.11.2017	23	2017	105
26.11.2017	29	2017	106
3.12.2017	12	2017	107
10.12.2017	35	2017	108
17.12.2017	23	2017	109
24.12.2017	12	2017	110
31.12.2017	11	2017	111
7.01.2018	28	2018	112
14.01.2018	34	2018	113
21.01.2018	11	2018	114
28.01.2018	29	2018	115
4.02.2018	57	2018	116
11.02.2018	22	2018	117
18.02.2018	52	2018	118
25.02.2018	28	2018	119
4.03.2018	23	2018	120
11.03.2018	69	2018	121
18.03.2018	23	2018	122
25.03.2018	23	2018	123
1.04.2018	0	2018	124
8.04.2018	24	2018	125
15.04.2018	12	2018	126
22.04.2018	25	2018	127
29.04.2018	12	2018	128
6.05.2018	35	2018	129
13.05.2018	12	2018	130
20.05.2018	35	2018	131
27.05.2018	23	2018	132
3.06.2018	24	2018	133
10.06.2018	53	2018	134
17.06.2018	25	2018	135
24.06.2018	35	2018	136
1.07.2018	31	2018	137
8.07.2018	42	2018	138
15.07.2018	25	2018	139
22.07.2018	37	2018	140
29.07.2018	48	2018	141
5.08.2018	82	2018	142
12.08.2018	41	2018	143
19.08.2018	55	2018	144
26.08.2018	30	2018	145
2.09.2018	55	2018	146
9.09.2018	61	2018	147
16.09.2018	31	2018	148
23.09.2018	24	2018	149
30.09.2018	12	2018	150
7.10.2018	25	2018	151
14.10.2018	25	2018	152
21.10.2018	31	2018	153
28.10.2018	25	2018	154
4.11.2018	18	2018	155
11.11.2018	25	2018	156
18.11.2018	18	2018	157
25.11.2018	36	2018	158
2.12.2018	42	2018	159
9.12.2018	12	2018	160
16.12.2018	18	2018	161
23.12.2018	24	2018	162
30.12.2018	24	2018	163
6.01.2019	23	2019	164
13.01.2019	18	2019	165
20.01.2019	12	2019	166
27.01.2019	18	2019	167
3.02.2019	18	2019	168
10.02.2019	24	2019	169
17.02.2019	48	2019	170
24.02.2019	35	2019	171
3.03.2019	25	2019	172
10.03.2019	18	2019	173
17.03.2019	12	2019	174
24.03.2019	18	2019	175
31.03.2019	11	2019	176
7.04.2019	24	2019	177
14.04.2019	12	2019	178
21.04.2019	13	2019	179
28.04.2019	19	2019	180
5.05.2019	18	2019	181
12.05.2019	18	2019	182
19.05.2019	42	2019	183
26.05.2019	24	2019	184
2.06.2019	30	2019	185
9.06.2019	18	2019	186
16.06.2019	38	2019	187
23.06.2019	31	2019	188
30.06.2019	19	2019	189
7.07.2019	38	2019	190
14.07.2019	39	2019	191
21.07.2019	64	2019	192
28.07.2019	32	2019	193
4.08.2019	26	2019	194
11.08.2019	43	2019	195
18.08.2019	61	2019	196
25.08.2019	43	2019	197
1.09.2019	36	2019	198
8.09.2019	19	2019	199
15.09.2019	36	2019	200
22.09.2019	12	2019	201
29.09.2019	47	2019	202
6.10.2019	46	2019	203
13.10.2019	29	2019	204
20.10.2019	35	2019	205
27.10.2019	0	2019	206
3.11.2019	23	2019	207
10.11.2019	46	2019	208
17.11.2019	17	2019	209
24.11.2019	34	2019	210
1.12.2019	34	2019	211
8.12.2019	28	2019	212
15.12.2019	39	2019	213
22.12.2019	22	2019	214
29.12.2019	22	2019	215
5.01.2020	21	2020	216
12.01.2020	21	2020	217
19.01.2020	16	2020	218
26.01.2020	16	2020	219
2.02.2020	26	2020	220
9.02.2020	26	2020	221
16.02.2020	0	2020	222
23.02.2020	10	2020	223
1.03.2020	31	2020	224
8.03.2020	0	2020	225
15.03.2020	0	2020	226
22.03.2020	29	2020	227
29.03.2020	9	2020	228
5.04.2020	0	2020	229
12.04.2020	10	2020	230
19.04.2020	10	2020	231
26.04.2020	19	2020	232
3.05.2020	27	2020	233
10.05.2020	10	2020	234
17.05.2020	20	2020	235
24.05.2020	36	2020	236
31.05.2020	15	2020	237
7.06.2020	10	2020	238
14.06.2020	15	2020	239
21.06.2020	16	2020	240
28.06.2020	28	2020	241
5.07.2020	34	2020	242
12.07.2020	29	2020	243
19.07.2020	35	2020	244
26.07.2020	88	2020	245
2.08.2020	64	2020	246
9.08.2020	61	2020	247
16.08.2020	34	2020	248
23.08.2020	22	2020	249
30.08.2020	42	2020	250
6.09.2020	11	2020	251
13.09.2020	42	2020	252
20.09.2020	26	2020	253
27.09.2020	51	2020	254
4.10.2020	57	2020	255
11.10.2020	38	2020	256
18.10.2020	43	2020	257
25.10.2020	53	2020	258
1.11.2020	41	2020	259
8.11.2020	25	2020	260
15.11.2020	74	2020	261
